46
107
161
216
268
310
365
413
469
519
568
601
652
689
729
763
796
827
860
895
924
957
980
1006
1024
1046
1059
1084
1101
1121
1135
1147
1160
1176
1190
1203
1207
1219
1226
1234
1240
1248
1253
1260
1267
1272
1277
1284
1288
1296
1303
1307
1311
1316
1318
1321
1324
1327
1331
1334
1338
1339
1340
1341
1346
1348
1349
1350
1352
1354
1357
1359
1360
1362
1363
1363
1364
1366
1367
1370
1371
1372
1373
1375
1376
1377
1378
1379
1380
1381
1382
1384
1385
1385
1386
1386
1386
1387
1388
1389
1390
1391
1392
1393
1393
1394
1395
1395
1395
1395
1395
1395
1395
1395
1395
1395
1395
1395
1395
1395
1395
1395
1396
1397
1397
1397
1397
1397
