55
104
166
214
261
309
350
398
442
489
526
560
605
640
672
717
746
778
802
819
841
865
882
903
922
939
957
972
987
997
1010
1023
1034
1050
1061
1071
1081
1094
1101
1108
1115
1123
1127
1141
1149
1156
1160
1166
1172
1178
1184
1188
1194
1197
1200
1203
1208
1212
1214
1218
1224
1227
1228
1231
1232
1236
1238
1241
1247
1250
1253
1254
1256
1257
1258
1259
1260
1260
1261
1262
1262
1263
1263
1264
1266
1268
1269
1269
1270
1270
1272
1272
1273
1275
1276
1276
1277
1277
1278
1278
1278
1278
1278
1279
1280
1280
1281
1282
1282
1282
1283
1284
1284
1284
1284
1284
