46
101
148
211
261
309
360
409
463
518
570
622
673
719
759
806
850
885
924
961
992
1019
1049
1081
1107
1134
1155
1179
1202
1222
1241
1259
1274
1292
1310
1324
1339
1351
1366
1379
1396
1404
1411
1417
1425
1436
1442
1453
1460
1463
1465
1471
1474
1476
1482
1484
1487
1489
1490
1494
1496
1500
1500
1503
1505
1508
1511
1514
1517
1519
1523
1526
1526
1528
1531
1532
1533
1533
1534
1535
1536
1537
1537
1538
1540
1541
1542
1544
1545
1546
1547
1547
1549
1550
1550
1550
1550
1551
1552
1552
1552
1553
1554
1554
1554
1554
1554
