52
104
165
215
274
327
376
430
480
512
557
598
638
681
714
752
785
815
849
881
907
930
953
984
1013
1038
1059
1078
1092
1114
1137
1151
1163
1179
1193
1205
1219
1229
1240
1249
1256
1266
1274
1279
1288
1292
1298
1301
1303
1307
1312
1317
1319
1323
1325
1326
1329
1331
1336
1339
1340
1341
1343
1346
1346
1349
1351
1351
1352
1354
1355
1356
1357
1357
1357
1357
1357
1357
1358
1359
1360
1360
1360
1360
1361
1361
1361
1362
1362
1362
1363
1363
1363
1363
1363
1363
1363
1363
1363
1364
1365
1365
1365
1365
1366
1367
1367
1367
1367
1367
1367
1368
1368
1368
1368
1369
1370
1371
1371
1371
1371
1371
1371
1371
1371
1371
1372
1372
1372
1373
1373
1373
1373
1373
1373
1373
