53
99
156
211
260
328
380
435
482
530
577
620
663
701
737
769
801
832
860
901
932
960
992
1021
1050
1077
1100
1122
1137
1155
1170
1186
1201
1218
1228
1243
1251
1260
1267
1272
1282
1290
1297
1306
1314
1320
1324
1331
1338
1344
1351
1353
1358
1358
1359
1362
1366
1369
1370
1372
1375
1380
1383
1385
1386
1387
1389
1390
1392
1394
1395
1396
1397
1397
1399
1401
1402
1402
1403
1404
1404
1404
1405
1406
1407
1407
1408
1409
1410
1411
1411
1412
1412
1412
1412
1413
1414
1414
1415
1416
1417
1418
1418
1418
1419
1420
1421
1422
1423
1423
1424
1425
1426
1427
1428
1429
1430
1431
1431
1431
1431
1431
