41
96
154
206
264
314
362
410
452
506
538
576
623
660
699
741
770
805
837
860
898
927
957
982
1012
1031
1053
1075
1100
1122
1138
1152
1167
1182
1191
1206
1215
1227
1241
1256
1266
1275
1284
1295
1304
1315
1322
1332
1339
1347
1358
1366
1371
1372
1378
1386
1389
1391
1391
1395
1398
1403
1405
1407
1410
1411
1411
1412
1414
1415
1415
1415
1416
1417
1417
1418
1419
1419
1419
1420
1421
1421
1421
1422
1422
1422
1422
1422
1423
1424
1426
1427
1427
1428
1430
1430
1430
1431
1431
1431
1432
1432
1434
1435
1436
1437
1437
1438
1439
1440
1440
1441
1442
1442
1442
1442
1442
1443
1443
1443
1443
1443
