49
109
157
212
258
314
371
422
465
507
544
586
626
666
708
740
765
798
827
846
867
894
917
941
970
993
1017
1037
1052
1079
1094
1106
1116
1122
1132
1139
1151
1158
1169
1174
1181
1186
1189
1197
1202
1203
1206
1208
1215
1219
1223
1229
1233
1238
1242
1243
1246
1248
1250
1253
1256
1258
1261
1263
1265
1268
1269
1271
1274
1276
1278
1278
1280
1283
1283
1286
1287
1287
1290
1291
1292
1292
1293
1293
1293
1294
1295
1295
1295
1295
1295
1295
1295
1295
1296
1297
1297
1298
1298
1298
1298
1299
1299
1299
1299
1300
1301
1301
1301
1302
1303
1303
1303
1303
1303
1303
1303
1303
1303
1303
1304
1304
1305
1305
1305
1305
1305
