50
108
162
209
260
314
363
419
467
512
562
601
640
668
706
742
777
816
849
880
909
936
958
986
1010
1029
1059
1077
1102
1122
1140
1154
1166
1179
1187
1198
1207
1212
1222
1230
1236
1244
1249
1252
1254
1258
1262
1265
1268
1274
1277
1279
1283
1287
1290
1294
1299
1304
1310
1315
1317
1320
1324
1325
1328
1330
1330
1334
1338
1340
1342
1343
1345
1346
1347
1348
1349
1349
1350
1352
1353
1355
1355
1355
1357
1358
1360
1362
1363
1363
1363
1363
1363
1363
1364
1364
1364
1364
1365
1366
1367
1367
1367
1368
1368
1369
1369
1369
1369
1370
1370
1371
1371
1371
1371
1371
