31
67
102
131
167
205
242
280
319
362
394
427
465
500
527
564
594
619
642
669
689
714
732
751
775
796
817
835
856
873
888
900
914
928
947
960
974
984
998
1006
1016
1024
1032
1041
1051
1057
1065
1069
1074
1077
1080
1083
1086
1090
1091
1094
1097
1101
1104
1107
1112
1114
1117
1120
1124
1126
1129
1133
1135
1138
1140
1142
1144
1145
1148
1148
1150
1151
1152
1153
1154
1155
1155
1156
1157
1157
1158
1158
1159
1159
1159
1160
1161
1161
1162
1162
1163
1163
1164
1165
1165
1165
1165
1166
1166
1167
1167
1168
1169
1170
1171
1172
1173
1173
1173
1174
1175
1176
1177
1177
1177
1177
1177
