48
99
148
202
247
305
357
400
454
506
556
609
652
700
735
784
829
864
904
939
967
997
1026
1049
1070
1090
1109
1127
1142
1161
1177
1194
1210
1220
1227
1234
1245
1255
1263
1271
1279
1287
1297
1303
1306
1311
1315
1318
1322
1326
1328
1332
1333
1335
1336
1338
1341
1343
1343
1345
1347
1350
1352
1353
1353
1354
1355
1357
1359
1361
1363
1364
1366
1366
1367
1368
1368
1369
1369
1370
1371
1371
1371
1371
1372
1373
1373
1375
1375
1375
1376
1376
1376
1377
1378
1378
1378
1378
1379
1379
1379
1379
1380
1380
1380
1380
1380
