48
104
168
220
261
306
355
412
454
503
555
600
662
704
749
794
839
877
915
964
998
1038
1071
1105
1132
1152
1176
1203
1223
1240
1254
1272
1281
1292
1303
1311
1323
1329
1336
1344
1351
1361
1366
1371
1374
1377
1383
1385
1390
1392
1394
1397
1397
1400
1403
1405
1406
1407
1408
1409
1411
1412
1414
1414
1416
1417
1418
1418
1419
1419
1420
1421
1422
1422
1423
1423
1423
1423
1423
1423
1423
1423
1423
1423
1423
1424
1424
1424
1424
1425
1425
1426
1426
1426
1426
1426
1426
1426
1426
1426
1426
1426
1427
1428
1428
1428
1428
1428
