39
85
136
187
237
286
337
379
431
472
515
557
600
645
689
733
775
817
862
903
942
985
1017
1048
1069
1094
1119
1146
1172
1193
1215
1237
1262
1277
1296
1308
1325
1338
1350
1357
1365
1379
1388
1398
1405
1412
1419
1422
1428
1433
1437
1442
1450
1455
1460
1462
1466
1470
1472
1475
1478
1481
1483
1488
1490
1492
1495
1497
1499
1499
1500
1501
1502
1502
1502
1503
1505
1507
1509
1509
1512
1513
1513
1514
1514
1515
1515
1516
1516
1516
1516
1516
1517
1517
1517
1518
1518
1518
1518
1519
1520
1520
1520
1520
1521
1522
1522
1522
1522
1522
