45
98
137
179
220
271
323
366
407
446
490
532
578
614
649
686
721
753
783
825
863
899
936
963
991
1010
1040
1065
1088
1100
1119
1136
1146
1162
1172
1187
1198
1210
1218
1233
1244
1252
1260
1269
1279
1286
1294
1304
1314
1320
1328
1334
1341
1346
1352
1359
1367
1371
1376
1380
1382
1383
1387
1387
1389
1390
1391
1391
1392
1392
1392
1393
1394
1394
1395
1398
1399
1400
1403
1405
1405
1406
1406
1408
1409
1409
1409
1410
1411
1411
1412
1414
1414
1415
1417
1417
1417
1419
1419
1420
1422
1422
1422
1422
1423
1423
1423
1424
1424
1425
1425
1426
1427
1427
1427
1429
1429
1430
1430
1432
1433
1433
1434
1435
1435
1435
1435
1435
1435
1435
1435
1435
1435
1435
