54
115
160
216
273
329
374
419
471
524
578
622
661
717
754
793
827
863
889
926
955
980
1003
1021
1039
1051
1076
1098
1123
1144
1156
1171
1182
1197
1212
1223
1235
1253
1264
1275
1287
1293
1304
1314
1318
1327
1332
1338
1343
1350
1354
1357
1362
1366
1371
1374
1375
1377
1379
1382
1387
1391
1393
1394
1396
1397
1399
1401
1404
1405
1406
1408
1409
1410
1410
1410
1410
1412
1413
1413
1413
1413
1414
1414
1415
1416
1416
1417
1417
1417
1417
1417
1418
1418
1418
1418
1418
1419
1419
1419
1419
1420
1420
1421
1422
1422
1422
1422
1422
1423
1424
1424
1424
1424
1424
1424
1424
1424
1424
1424
1424
1424
1424
1424
1425
1425
1426
1426
1426
1427
1428
1428
1428
1429
1429
1429
1429
1430
1430
1430
1431
1431
1431
1431
1431
1431
1431
1432
1432
1432
1432
1432
