39
81
117
164
204
248
282
314
358
397
432
456
492
526
561
589
620
653
683
714
738
768
786
810
835
860
877
905
924
944
966
987
1000
1015
1027
1042
1057
1067
1076
1085
1097
1104
1117
1128
1140
1145
1155
1157
1163
1171
1173
1175
1180
1183
1186
1190
1192
1194
1194
1196
1199
1200
1202
1203
1206
1209
1210
1212
1215
1216
1217
1218
1219
1221
1222
1223
1223
1224
1224
1225
1226
1227
1227
1228
1229
1229
1230
1230
1231
1232
1232
1232
1232
1233
1234
1235
1235
1237
1237
1239
1239
1239
1239
1240
1241
1241
1241
1242
1243
1243
1244
1244
1244
1244
1244
