46
96
145
195
239
279
322
367
406
443
480
526
569
602
636
665
691
719
750
778
802
832
862
888
910
929
948
963
982
998
1011
1019
1036
1048
1063
1079
1086
1099
1109
1120
1135
1151
1157
1163
1171
1181
1187
1196
1208
1215
1225
1230
1235
1238
1240
1241
1245
1250
1254
1259
1263
1266
1268
1269
1271
1275
1277
1279
1280
1281
1283
1285
1286
1288
1288
1288
1288
1289
1289
1290
1291
1292
1292
1293
1294
1295
1297
1297
1298
1300
1302
1302
1302
1302
1302
1302
1302
1303
1305
1306
1306
1306
1307
1308
1308
1308
1309
1310
1312
1312
1314
1314
1315
1316
1317
1319
1320
1321
1322
1323
1323
1323
1323
1324
1324
1324
1324
1324
1324
1325
1326
1326
1326
1326
1326
