28
66
104
141
178
216
254
287
325
355
398
429
470
510
541
565
601
633
663
691
717
736
759
779
798
817
837
851
870
887
902
918
930
942
949
958
968
981
989
996
1002
1009
1016
1020
1022
1027
1031
1034
1038
1039
1042
1044
1047
1048
1051
1054
1056
1056
1060
1061
1064
1067
1069
1070
1072
1075
1076
1080
1083
1085
1087
1089
1090
1090
1090
1092
1092
1093
1094
1095
1095
1097
1097
1098
1098
1099
1100
1100
1101
1101
1102
1102
1102
1103
1104
1104
1104
1105
1105
1106
1106
1107
1108
1109
1110
1111
1112
1113
1114
1115
1116
1116
1117
1118
1119
1120
1121
1121
1121
1121
1121
