41
75
115
161
202
247
291
333
380
429
478
516
557
594
632
667
698
724
751
781
809
830
852
871
886
901
915
923
934
948
960
978
988
998
1007
1015
1022
1032
1042
1048
1056
1063
1070
1073
1076
1081
1086
1088
1090
1092
1096
1100
1103
1108
1109
1114
1118
1121
1123
1126
1128
1130
1130
1131
1134
1135
1135
1136
1138
1140
1143
1143
1143
1143
1144
1144
1146
1148
1150
1151
1151
1153
1154
1154
1154
1155
1156
1156
1156
1156
1156
1158
1159
1159
1159
1160
1160
1160
1161
1161
1161
1161
1162
1163
1163
1163
1163
1163
1163
1164
1165
1165
1166
1167
1167
1167
1167
1167
