34
75
111
151
192
235
273
315
355
403
439
483
527
556
590
621
656
687
720
746
769
800
826
849
871
896
918
942
961
980
998
1013
1021
1035
1048
1059
1069
1082
1088
1098
1107
1115
1124
1132
1139
1145
1152
1156
1162
1166
1172
1175
1183
1189
1192
1194
1196
1197
1199
1200
1200
1202
1204
1205
1206
1207
1208
1208
1209
1211
1212
1213
1214
1216
1216
1216
1217
1218
1219
1219
1219
1219
1219
1219
1219
1219
1220
1221
1221
1221
1221
1221
1221
1221
1221
1222
1222
1223
1223
1223
1223
1224
1225
1225
1225
1225
1225
