40
82
123
166
211
253
301
344
388
433
470
509
544
580
622
665
703
740
770
808
838
869
899
927
951
974
994
1015
1038
1059
1075
1092
1114
1135
1158
1180
1193
1202
1208
1222
1236
1240
1249
1259
1263
1267
1273
1277
1280
1284
1289
1294
1296
1299
1299
1302
1305
1307
1308
1310
1310
1311
1312
1312
1314
1314
1314
1316
1317
1317
1318
1318
1319
1320
1320
1322
1322
1322
1322
1322
1322
1322
1323
1324
1324
1325
1326
1326
1327
1329
1329
1329
1329
1329
1329
1330
1330
1330
1330
1330
1330
1330
1330
1330
1330
1330
1330
1330
1330
1331
1332
1332
1332
1332
1332
