34
78
131
187
244
298
353
415
474
525
576
622
668
723
764
799
836
874
903
930
958
980
1011
1036
1055
1073
1092
1107
1124
1142
1154
1168
1181
1190
1203
1212
1219
1228
1233
1240
1247
1251
1255
1261
1267
1272
1275
1279
1281
1284
1287
1289
1291
1293
1295
1297
1297
1298
1299
1299
1300
1301
1303
1304
1305
1305
1306
1307
1309
1310
1310
1312
1313
1314
1315
1316
1316
1316
1316
1316
1316
1316
1316
1316
1316
1316
1316
1316
1316
1317
1318
1318
1318
1319
1319
1319
1320
1320
1321
1321
1321
1321
1321
1321
1322
1323
1323
1324
1325
1325
1326
1326
1326
1326
1326
1326
1326
1326
