32
73
114
156
200
250
293
339
383
421
461
507
545
586
627
661
702
741
776
806
835
861
888
916
948
968
986
1004
1022
1038
1055
1068
1084
1101
1113
1126
1140
1151
1162
1168
1178
1191
1202
1213
1221
1227
1234
1240
1246
1250
1255
1260
1264
1269
1274
1281
1286
1289
1295
1298
1299
1304
1307
1311
1314
1317
1321
1324
1329
1333
1333
1335
1337
1340
1343
1345
1346
1349
1351
1352
1354
1355
1355
1355
1357
1359
1362
1365
1368
1369
1370
1371
1371
1371
1371
1373
1373
1374
1376
1377
1377
1377
1378
1379
1379
1379
1380
1381
1382
1383
1384
1384
1385
1386
1388
1388
1388
1389
1389
1389
1389
1389
1390
1390
1391
1391
1392
1393
1393
1393
1394
1394
1394
1394
1395
1395
1395
1395
1396
1396
1396
1396
1396
1396
1397
1398
1398
1398
1398
1399
1399
1400
1400
1400
1401
1401
1401
1401
1401
