36
66
101
144
188
226
266
312
349
386
427
465
498
533
565
599
621
654
683
711
738
767
791
812
834
855
872
889
901
911
927
942
953
962
974
983
993
1000
1008
1013
1018
1022
1026
1033
1040
1046
1051
1057
1062
1066
1071
1074
1077
1079
1083
1086
1089
1091
1094
1095
1096
1097
1098
1098
1098
1099
1100
1100
1101
1101
1102
1103
1105
1106
1106
1106
1107
1108
1109
1109
1111
1112
1113
1113
1113
1113
1113
1113
1113
1113
1113
1113
1113
1113
1113
1113
1113
1113
1113
1113
1113
1113
1113
1114
1115
1115
1115
1115
1115
