46
102
151
208
261
307
354
403
462
521
580
624
680
732
776
818
857
888
927
964
994
1016
1043
1070
1097
1123
1141
1159
1177
1193
1218
1233
1248
1265
1280
1292
1304
1315
1326
1332
1338
1345
1351
1357
1363
1368
1371
1374
1379
1386
1390
1394
1397
1400
1406
1409
1413
1416
1417
1420
1422
1422
1424
1426
1429
1430
1432
1433
1434
1436
1437
1439
1440
1441
1442
1444
1446
1447
1449
1450
1452
1454
1456
1457
1458
1459
1459
1459
1459
1459
1459
1460
1461
1461
1461
1461
1461
1461
1461
1461
1461
1461
1462
1463
1463
1463
1464
1464
1465
1465
1465
1465
1465
