47
93
140
193
249
300
351
413
470
523
582
644
696
744
794
841
893
942
984
1024
1063
1103
1138
1172
1205
1230
1257
1288
1313
1332
1352
1374
1392
1407
1419
1434
1446
1458
1468
1476
1490
1500
1508
1511
1518
1527
1533
1537
1544
1552
1555
1559
1563
1569
1574
1579
1585
1587
1592
1592
1595
1599
1601
1605
1607
1610
1612
1615
1616
1617
1619
1619
1621
1623
1624
1624
1624
1625
1626
1627
1628
1628
1628
1629
1630
1631
1632
1633
1633
1634
1634
1635
1636
1637
1638
1638
1638
1638
1639
1640
1640
1641
1642
1642
1643
1643
1644
1644
1644
1645
1646
1646
1646
1646
1646
