39
72
114
164
209
242
288
332
368
408
449
493
541
584
623
661
698
731
771
802
834
861
886
914
935
957
980
997
1013
1028
1039
1048
1058
1069
1079
1083
1094
1106
1112
1117
1123
1126
1132
1136
1142
1148
1153
1160
1162
1164
1168
1171
1175
1178
1178
1182
1187
1190
1194
1197
1199
1201
1203
1206
1208
1210
1212
1215
1217
1219
1221
1223
1224
1226
1228
1229
1229
1231
1231
1232
1232
1232
1232
1232
1232
1232
1232
1232
1232
1232
1232
1232
1232
1232
1232
1232
1232
1232
1232
1232
1233
1233
1234
1234
1234
1234
1234
