28
61
96
131
178
207
249
290
330
374
411
459
490
527
565
604
640
679
709
750
781
813
842
865
888
906
920
935
949
962
973
987
998
1004
1012
1018
1026
1035
1042
1047
1051
1054
1059
1063
1065
1067
1069
1071
1073
1076
1078
1079
1080
1082
1084
1084
1085
1085
1085
1086
1086
1086
1087
1087
1087
1087
1088
1088
1089
1089
1089
1089
1090
1091
1092
1093
1094
1095
1095
1095
1095
1095
1095
1095
1095
1095
1096
1097
1097
1097
1097
1097
1097
1097
1098
1099
1099
1100
1101
1101
1102
1102
1102
1102
1102
1102
1102
1102
1102
1103
1103
1103
1103
1104
1104
1104
1104
1104
