29
67
114
153
196
251
298
337
376
431
477
517
559
606
656
695
728
771
813
851
890
920
946
970
994
1025
1051
1071
1095
1115
1130
1150
1171
1189
1209
1219
1234
1246
1253
1262
1266
1275
1279
1285
1287
1292
1296
1300
1304
1310
1312
1317
1321
1325
1327
1329
1332
1333
1335
1338
1340
1341
1343
1344
1345
1346
1346
1348
1348
1349
1350
1350
1350
1351
1352
1353
1354
1354
1354
1355
1356
1357
1358
1358
1359
1360
1360
1360
1361
1362
1363
1364
1364
1364
1364
1364
1364
1364
1364
1364
1364
1364
1365
1366
1367
1368
1369
1370
1371
1372
1373
1374
1374
1374
1375
1375
1375
1375
1376
1376
1376
1376
1376
