40
87
135
181
229
273
326
382
437
488
543
589
627
678
723
765
801
836
877
904
933
963
990
1013
1035
1058
1076
1091
1109
1125
1136
1149
1167
1180
1194
1203
1211
1219
1227
1233
1240
1247
1252
1260
1268
1272
1275
1279
1282
1287
1292
1297
1298
1301
1302
1302
1305
1306
1308
1309
1310
1310
1312
1313
1313
1313
1313
1314
1315
1317
1318
1319
1319
1321
1321
1321
1321
1322
1322
1322
1323
1323
1323
1324
1324
1324
1325
1325
1325
1325
1326
1327
1327
1327
1327
1328
1328
1328
1328
1329
1330
1330
1330
1330
1331
1331
1331
1331
1331
