36
78
113
158
202
254
288
335
386
427
473
525
574
612
652
693
722
757
791
818
840
865
886
909
932
958
975
998
1021
1038
1054
1077
1095
1113
1126
1139
1153
1165
1173
1184
1193
1202
1213
1218
1225
1231
1235
1239
1246
1254
1262
1269
1273
1279
1283
1286
1288
1291
1295
1296
1298
1299
1302
1304
1304
1307
1310
1312
1314
1316
1318
1319
1321
1324
1325
1326
1328
1330
1332
1332
1334
1335
1338
1341
1341
1342
1344
1346
1347
1350
1352
1353
1355
1357
1358
1360
1362
1364
1364
1365
1366
1367
1368
1369
1370
1371
1372
1373
1374
1375
1376
1377
1378
1379
1379
1380
1381
1381
1382
1383
1384
1384
1385
1386
1386
1386
1387
1388
1388
1388
1388
1388
