49
101
145
191
237
288
338
384
424
462
498
547
589
632
680
715
751
778
813
847
875
896
926
950
977
1000
1023
1035
1046
1063
1081
1099
1118
1133
1151
1166
1178
1191
1202
1216
1224
1233
1245
1253
1264
1273
1280
1285
1291
1297
1299
1306
1310
1314
1319
1322
1325
1329
1331
1332
1333
1335
1339
1342
1346
1348
1351
1351
1351
1351
1351
1352
1353
1353
1353
1353
1353
1353
1353
1354
1355
1356
1357
1358
1358
1359
1360
1360
1360
1360
1360
1360
1361
1362
1362
1362
1362
1362
1362
1362
1362
1363
1363
1364
1365
1365
1366
1366
1367
1368
1368
1368
1368
1368
1368
1368
1368
1368
1368
1368
1369
1369
1369
1369
1369
1370
1370
1370
1370
1371
1371
1372
1372
1372
1372
1372
