43
84
124
168
216
264
312
358
406
454
495
541
592
630
680
722
762
793
832
862
888
911
936
961
986
1003
1024
1042
1063
1082
1099
1111
1125
1137
1148
1160
1173
1179
1186
1197
1207
1216
1223
1226
1233
1236
1241
1249
1257
1262
1263
1266
1269
1270
1277
1280
1284
1285
1286
1288
1289
1292
1293
1297
1299
1303
1306
1309
1310
1311
1312
1314
1315
1317
1318
1320
1321
1322
1324
1325
1327
1328
1328
1328
1328
1329
1329
1329
1329
1329
1329
1330
1331
1331
1331
1331
1331
1332
1332
1333
1333
1333
1333
1333
1333
1333
1333
1334
1335
1336
1337
1337
1337
1337
1338
1339
1339
1339
1339
1339
1339
1339
1339
1340
1341
1341
1341
1341
1341
