37
80
122
166
211
259
299
339
378
416
462
508
555
597
635
672
704
740
782
818
858
899
926
960
981
1002
1018
1042
1058
1075
1092
1109
1130
1139
1156
1172
1186
1200
1213
1222
1232
1248
1259
1269
1277
1285
1294
1301
1308
1313
1319
1321
1324
1327
1332
1335
1338
1341
1346
1350
1353
1355
1359
1363
1365
1367
1369
1372
1376
1377
1379
1381
1382
1382
1384
1385
1385
1386
1387
1387
1387
1387
1387
1387
1387
1387
1387
1388
1390
1391
1392
1393
1394
1394
1394
1394
1395
1395
1395
1395
1396
1397
1397
1397
1397
1398
1399
1399
1399
1399
1399
