35
80
119
160
203
255
299
343
385
433
475
524
561
600
626
660
695
726
752
785
814
847
877
907
930
952
971
991
1013
1029
1045
1066
1081
1098
1114
1130
1139
1153
1169
1180
1191
1205
1217
1229
1238
1246
1256
1267
1280
1289
1299
1307
1314
1318
1327
1334
1338
1345
1350
1353
1356
1357
1362
1364
1367
1370
1372
1374
1379
1381
1383
1386
1390
1393
1395
1397
1398
1399
1401
1402
1404
1404
1405
1405
1406
1408
1410
1411
1412
1414
1415
1416
1418
1419
1421
1423
1425
1426
1426
1427
1429
1430
1432
1433
1434
1434
1434
1434
1434
