38
87
127
173
223
266
311
360
405
449
490
541
583
624
667
704
740
770
807
841
871
899
936
965
995
1026
1047
1069
1090
1106
1124
1141
1149
1164
1179
1194
1205
1218
1229
1239
1251
1262
1271
1280
1292
1301
1311
1320
1328
1333
1340
1346
1352
1355
1357
1361
1363
1365
1365
1368
1369
1371
1375
1377
1379
1379
1380
1382
1384
1385
1387
1391
1394
1396
1398
1399
1400
1401
1403
1404
1404
1406
1409
1411
1413
1415
1415
1416
1417
1417
1418
1419
1419
1419
1420
1420
1421
1421
1421
1422
1422
1422
1422
1423
1423
1423
1424
1424
1424
1424
1425
1426
1426
1426
1426
1426
