35
80
126
170
219
270
322
372
429
477
529
576
629
663
702
748
786
817
857
883
914
953
981
1007
1032
1062
1093
1114
1136
1163
1182
1204
1221
1241
1258
1267
1278
1291
1299
1306
1313
1318
1325
1331
1336
1343
1348
1353
1359
1365
1369
1371
1374
1377
1382
1387
1390
1396
1399
1402
1405
1406
1409
1411
1412
1413
1415
1415
1415
1417
1418
1419
1419
1419
1420
1421
1422
1423
1423
1423
1423
1424
1425
1425
1426
1427
1427
1428
1428
1429
1429
1429
1430
1431
1431
1432
1433
1434
1434
1435
1436
1436
1436
1436
1436
1436
1436
1436
1437
1437
1438
1438
1438
1439
1439
1439
1440
1441
1441
1441
1441
1441
1441
1441
1441
1442
1442
1442
1442
1442
1442
1443
1443
1443
1443
1443
