43
94
137
189
244
297
353
410
464
516
560
623
671
720
772
817
856
894
937
973
1012
1046
1084
1106
1135
1157
1182
1206
1226
1245
1260
1273
1285
1295
1307
1318
1327
1334
1345
1354
1358
1367
1374
1377
1380
1386
1390
1393
1396
1401
1403
1408
1412
1414
1415
1417
1418
1420
1423
1425
1428
1431
1434
1435
1436
1437
1439
1440
1441
1441
1442
1443
1444
1444
1445
1445
1446
1446
1447
1448
1449
1449
1449
1450
1451
1452
1452
1453
1454
1454
1455
1456
1456
1457
1457
1458
1458
1458
1459
1459
1460
1461
1462
1463
1464
1465
1466
1467
1467
1468
1469
1470
1470
1471
1471
1471
1471
1471
