42
77
122
164
208
248
288
334
380
420
471
520
563
608
650
689
721
749
785
821
852
882
908
931
962
988
1008
1023
1046
1065
1085
1102
1121
1136
1154
1160
1174
1187
1200
1212
1222
1233
1243
1250
1261
1269
1279
1286
1291
1297
1302
1307
1313
1319
1325
1328
1331
1334
1337
1342
1346
1348
1352
1355
1357
1359
1359
1360
1360
1361
1362
1362
1363
1365
1367
1370
1372
1376
1378
1381
1385
1387
1389
1391
1393
1396
1397
1399
1399
1399
1400
1401
1402
1403
1404
1404
1404
1406
1407
1409
1410
1411
1413
1415
1416
1417
1417
1419
1420
1421
1422
1422
1423
1423
1423
1423
1423
1424
1425
1426
1427
1428
1429
1429
1429
1430
1431
1432
1433
1433
1433
1433
1433
