39
86
135
178
228
278
340
387
444
501
550
594
645
691
735
781
824
862
901
931
964
1003
1033
1068
1095
1123
1141
1157
1175
1195
1216
1232
1246
1260
1276
1291
1308
1315
1320
1330
1340
1345
1352
1356
1359
1362
1369
1373
1377
1377
1380
1381
1382
1387
1389
1392
1394
1395
1395
1395
1399
1402
1404
1405
1406
1408
1409
1410
1410
1411
1412
1413
1415
1415
1416
1417
1418
1420
1422
1422
1424
1425
1426
1426
1427
1429
1431
1433
1434
1436
1438
1439
1439
1439
1440
1442
1442
1443
1444
1445
1446
1446
1447
1448
1448
1448
1448
1448
