36
82
132
185
230
281
331
388
440
498
553
606
661
703
752
799
832
874
909
947
978
1015
1047
1079
1111
1139
1164
1187
1207
1228
1247
1267
1282
1304
1323
1339
1355
1375
1386
1400
1412
1422
1433
1443
1451
1460
1470
1478
1487
1494
1501
1506
1514
1521
1529
1535
1540
1545
1546
1549
1553
1554
1556
1559
1561
1562
1564
1565
1568
1569
1573
1575
1579
1580
1581
1581
1582
1582
1583
1584
1585
1586
1587
1587
1589
1591
1592
1592
1592
1593
1593
1594
1596
1598
1600
1601
1601
1601
1601
1602
1602
1603
1603
1604
1604
1605
1605
1605
1605
1606
1606
1606
1606
1607
1607
1607
1608
1609
1609
1610
1611
1611
1611
1611
1611
