36
82
125
176
220
271
326
375
428
471
522
570
610
659
705
747
786
831
866
901
932
972
1007
1036
1068
1098
1126
1149
1169
1198
1222
1244
1260
1275
1296
1316
1334
1345
1357
1368
1374
1376
1387
1396
1408
1415
1421
1422
1425
1428
1433
1440
1446
1452
1453
1454
1456
1459
1462
1463
1466
1470
1471
1472
1473
1476
1480
1483
1484
1484
1485
1486
1488
1489
1490
1491
1493
1494
1494
1495
1495
1495
1496
1497
1498
1498
1498
1499
1500
1500
1500
1501
1501
1502
1502
1502
1502
1502
1502
1502
1503
1504
1504
1504
1504
1504
1505
1506
1506
1507
1508
1508
1509
1510
1510
1510
1511
1511
1511
1511
1512
1512
1512
1512
1513
1513
1513
1513
1513
