30
74
122
157
195
237
276
325
369
421
462
511
552
599
645
681
715
746
786
815
838
870
892
917
942
961
977
1003
1023
1039
1059
1078
1092
1104
1117
1125
1136
1147
1155
1162
1170
1176
1181
1183
1186
1191
1193
1197
1201
1206
1211
1213
1217
1220
1222
1225
1226
1229
1230
1232
1234
1236
1239
1244
1247
1249
1252
1253
1255
1258
1259
1260
1262
1262
1265
1266
1269
1272
1274
1276
1278
1279
1281
1282
1283
1283
1284
1285
1285
1285
1285
1285
1285
1286
1286
1286
1287
1287
1288
1288
1288
1288
1288
1288
1288
1288
1289
1290
1291
1291
1291
1292
1292
1293
1293
1293
1293
1293
