48
98
135
180
230
280
329
385
432
477
525
577
620
675
718
762
798
846
874
903
936
963
991
1018
1045
1059
1074
1090
1111
1127
1139
1151
1165
1178
1189
1201
1217
1231
1243
1250
1257
1264
1272
1282
1287
1293
1300
1308
1314
1321
1329
1333
1337
1339
1341
1344
1345
1348
1351
1353
1355
1356
1358
1361
1362
1364
1366
1369
1369
1370
1372
1374
1376
1378
1380
1382
1384
1386
1387
1389
1390
1391
1391
1391
1392
1392
1392
1392
1393
1394
1395
1395
1395
1395
1395
1396
1396
1396
1396
1397
1397
1397
1398
1398
1398
1399
1400
1400
1401
1402
1403
1403
1404
1405
1405
1405
1405
1405
1405
1405
1405
1405
1405
1405
1406
1407
1407
1407
1407
1407
