52
98
137
179
229
277
328
375
425
480
531
579
621
670
711
758
788
822
855
884
912
944
967
992
1017
1049
1073
1092
1117
1133
1149
1161
1176
1186
1196
1206
1221
1229
1237
1244
1257
1266
1272
1277
1284
1288
1294
1299
1302
1304
1309
1311
1314
1315
1316
1318
1319
1321
1323
1325
1329
1332
1332
1334
1336
1336
1337
1339
1342
1345
1346
1347
1349
1350
1352
1355
1356
1356
1358
1360
1361
1362
1362
1364
1365
1367
1367
1367
1368
1369
1369
1369
1369
1369
1369
1369
1369
1369
1369
1369
1369
1369
1369
1369
1369
1369
1370
1370
1371
1371
1371
1371
1371
