55
105
154
206
253
307
353
404
453
501
550
596
631
675
716
746
775
807
843
875
908
936
954
975
998
1024
1044
1066
1087
1107
1123
1135
1150
1162
1171
1182
1192
1202
1207
1212
1218
1222
1226
1231
1235
1242
1248
1251
1254
1260
1262
1265
1267
1269
1269
1273
1275
1275
1277
1278
1279
1282
1283
1286
1287
1289
1290
1292
1295
1296
1296
1296
1297
1297
1297
1297
1297
1298
1298
1300
1300
1300
1300
1300
1301
1301
1301
1302
1302
1303
1303
1303
1304
1306
1307
1309
1309
1309
1309
1309
1310
1311
1311
1311
1311
1311
