37
79
136
180
216
265
316
357
400
440
487
528
562
601
635
669
701
738
773
799
831
859
882
900
932
959
978
995
1019
1044
1061
1077
1091
1103
1117
1128
1136
1146
1151
1164
1173
1179
1185
1192
1201
1208
1216
1224
1228
1233
1238
1242
1248
1252
1255
1259
1264
1266
1266
1271
1274
1276
1279
1282
1287
1291
1292
1295
1296
1298
1299
1302
1304
1306
1307
1309
1309
1310
1311
1312
1315
1316
1318
1320
1322
1323
1325
1325
1327
1330
1332
1332
1334
1335
1336
1338
1339
1341
1342
1344
1345
1346
1347
1348
1348
1349
1351
1352
1353
1354
1354
1354
1354
1354
