40
89
132
182
232
283
333
385
440
486
535
586
633
682
735
774
819
861
893
927
960
991
1019
1053
1080
1109
1136
1162
1185
1207
1227
1247
1265
1278
1293
1305
1323
1335
1343
1354
1366
1370
1378
1386
1396
1403
1409
1416
1421
1428
1432
1436
1440
1443
1445
1449
1451
1456
1458
1460
1462
1466
1469
1472
1475
1477
1479
1481
1482
1483
1484
1485
1485
1487
1489
1490
1491
1491
1493
1494
1495
1497
1499
1499
1499
1501
1502
1503
1503
1504
1505
1506
1506
1506
1507
1509
1511
1512
1513
1514
1515
1516
1517
1518
1519
1519
1520
1521
1522
1522
1522
1522
1522
