41
79
125
167
208
257
312
365
411
462
508
553
597
634
675
709
744
783
818
848
873
898
923
953
982
1005
1020
1038
1058
1074
1092
1108
1117
1130
1141
1150
1159
1168
1175
1183
1191
1197
1205
1210
1215
1220
1222
1227
1231
1234
1238
1242
1246
1249
1253
1253
1255
1256
1260
1260
1261
1264
1267
1267
1268
1269
1270
1271
1271
1274
1274
1275
1276
1276
1278
1278
1278
1279
1281
1283
1284
1284
1284
1284
1284
1285
1286
1286
1286
1286
1287
1287
1287
1287
1288
1289
1289
1289
1289
1289
1289
1289
1289
1290
1291
1291
1291
1291
1292
1293
1293
1294
1295
1295
1295
1295
1295
