40
89
138
195
239
290
340
388
439
483
526
581
639
682
722
764
801
835
874
912
939
964
1002
1030
1058
1085
1111
1134
1154
1173
1192
1206
1221
1238
1254
1264
1276
1290
1302
1310
1319
1327
1338
1344
1347
1352
1358
1362
1367
1371
1374
1376
1379
1380
1382
1385
1385
1385
1386
1388
1390
1394
1396
1397
1398
1399
1399
1400
1402
1404
1404
1404
1404
1405
1406
1407
1408
1409
1410
1411
1411
1412
1412
1412
1413
1414
1415
1415
1415
1416
1417
1418
1418
1418
1418
1419
1419
1419
1420
1420
1420
1420
1420
1420
1421
1422
1423
1423
1424
1424
1424
1424
1425
1426
1426
1426
1426
1426
