37
76
117
161
212
252
306
355
402
438
487
532
577
625
669
713
746
788
828
860
885
912
938
963
987
1008
1023
1042
1059
1076
1087
1098
1112
1123
1130
1144
1152
1157
1168
1176
1185
1194
1197
1205
1212
1221
1227
1234
1241
1249
1254
1260
1266
1269
1273
1277
1280
1282
1286
1289
1292
1295
1297
1300
1305
1309
1317
1322
1326
1327
1329
1330
1335
1337
1343
1345
1345
1347
1348
1350
1352
1353
1355
1356
1357
1358
1360
1362
1365
1366
1366
1368
1370
1371
1373
1373
1374
1375
1377
1379
1382
1384
1385
1386
1387
1388
1389
1390
1390
1390
1391
1392
1392
1393
1394
1395
1396
1396
1396
1397
1398
1399
1400
1401
1402
1403
1404
1404
1404
1404
1404
