37
83
126
172
221
266
311
363
413
466
516
563
609
650
694
734
777
809
847
889
915
948
983
1017
1040
1066
1084
1108
1130
1150
1168
1185
1200
1218
1229
1251
1264
1278
1291
1307
1319
1333
1341
1351
1362
1370
1378
1386
1393
1399
1405
1411
1419
1426
1430
1437
1440
1447
1454
1459
1467
1470
1472
1472
1476
1479
1480
1482
1484
1485
1485
1487
1487
1488
1489
1492
1493
1494
1495
1496
1496
1496
1496
1497
1498
1499
1499
1499
1499
1500
1501
1501
1502
1502
1503
1503
1503
1504
1505
1506
1507
1508
1508
1509
1510
1511
1512
1513
1514
1515
1516
1517
1517
1517
1517
1517
