37
74
109
141
185
230
272
314
369
413
462
508
551
588
619
648
678
708
742
767
793
819
841
859
881
901
917
935
953
964
977
995
1004
1021
1031
1039
1051
1060
1072
1082
1090
1097
1102
1111
1117
1125
1130
1138
1143
1146
1150
1154
1157
1160
1164
1171
1176
1180
1183
1187
1192
1193
1194
1196
1201
1203
1204
1206
1209
1210
1210
1211
1213
1213
1213
1214
1214
1214
1216
1216
1217
1218
1218
1219
1220
1221
1222
1223
1224
1226
1228
1228
1229
1229
1230
1230
1230
1230
1230
1232
1233
1233
1235
1236
1236
1237
1238
1238
1238
1238
1238
1238
1238
1238
1238
1238
1239
1240
1240
1240
1240
1240
