32
77
112
147
201
249
295
348
399
453
503
551
598
645
680
718
756
779
815
844
872
909
943
965
990
1016
1043
1066
1085
1106
1126
1140
1159
1171
1181
1189
1196
1208
1211
1218
1231
1239
1246
1252
1255
1258
1263
1267
1272
1277
1281
1285
1290
1295
1298
1301
1304
1310
1314
1319
1323
1328
1331
1335
1338
1341
1342
1343
1345
1346
1347
1347
1348
1349
1349
1351
1351
1351
1351
1351
1352
1352
1352
1352
1353
1353
1353
1354
1354
1355
1355
1355
1355
1355
1355
1355
1355
1355
1355
1355
1355
1355
1356
1357
1357
1357
1357
1357
