42
84
133
174
229
271
318
361
403
444
498
548
592
640
675
712
747
782
809
847
876
908
933
957
977
1002
1026
1048
1067
1095
1113
1131
1144
1155
1170
1187
1200
1214
1224
1234
1244
1255
1263
1269
1273
1280
1289
1298
1305
1312
1316
1320
1326
1331
1334
1338
1341
1344
1347
1349
1350
1352
1354
1356
1356
1360
1362
1363
1365
1367
1370
1371
1372
1375
1377
1379
1380
1381
1381
1382
1383
1383
1384
1385
1386
1387
1388
1388
1388
1389
1389
1390
1391
1391
1392
1393
1393
1394
1395
1395
1396
1396
1397
1397
1397
1397
1397
