36
86
129
181
212
262
313
364
420
467
517
559
609
643
690
729
767
799
829
857
885
912
942
968
993
1016
1041
1058
1074
1089
1112
1136
1153
1169
1180
1193
1198
1208
1216
1225
1230
1236
1240
1248
1258
1264
1268
1274
1282
1289
1295
1299
1304
1309
1312
1316
1318
1319
1322
1324
1326
1328
1330
1331
1332
1334
1336
1338
1339
1341
1343
1343
1345
1347
1348
1348
1349
1350
1351
1352
1353
1354
1354
1355
1355
1355
1356
1357
1358
1359
1360
1360
1361
1361
1362
1363
1363
1364
1365
1366
1367
1367
1368
1368
1369
1370
1370
1370
1370
1370
