33
66
107
153
190
238
285
324
369
409
458
493
531
569
609
649
690
725
750
777
803
832
859
882
905
925
947
961
974
989
1003
1013
1026
1041
1054
1065
1073
1081
1087
1094
1101
1109
1115
1117
1122
1124
1127
1131
1135
1137
1138
1142
1145
1147
1148
1152
1153
1154
1156
1158
1160
1164
1166
1168
1171
1173
1174
1176
1177
1179
1181
1182
1182
1184
1186
1188
1189
1191
1192
1193
1193
1193
1193
1194
1195
1195
1195
1195
1196
1197
1197
1197
1198
1199
1199
1199
1200
1200
1200
1201
1201
1201
1201
1202
1202
1202
1202
1202
1203
1203
1203
1204
1205
1205
1205
1205
1206
1206
1207
1207
1207
1207
1207
1207
1207
1207
1207
1208
1208
1209
1209
1209
1209
1209
1209
1209
1210
1211
1211
1211
1211
1211
