44
90
128
166
219
261
314
365
415
457
495
538
570
610
654
689
727
760
797
824
855
884
905
925
943
958
973
988
1000
1009
1025
1040
1050
1058
1065
1080
1089
1098
1107
1114
1121
1129
1132
1139
1147
1153
1162
1167
1173
1179
1187
1193
1194
1198
1202
1204
1207
1207
1208
1211
1211
1212
1215
1216
1218
1219
1220
1221
1222
1223
1224
1226
1226
1227
1229
1230
1232
1232
1233
1234
1235
1235
1235
1236
1237
1237
1238
1239
1240
1240
1240
1240
1241
1241
1241
1241
1241
1241
1241
1241
1241
1241
1241
1241
1241
1241
1242
1243
1244
1244
1244
1244
1244
1245
1245
1246
1246
1246
1246
1246
