48
81
114
149
189
238
294
342
388
436
485
536
579
626
673
707
743
775
806
835
857
884
907
932
957
980
1001
1019
1040
1054
1071
1086
1099
1111
1123
1136
1144
1150
1160
1169
1175
1185
1195
1203
1209
1220
1228
1235
1240
1246
1253
1257
1263
1268
1273
1275
1278
1281
1283
1285
1286
1288
1288
1289
1291
1294
1295
1297
1298
1300
1301
1302
1302
1304
1306
1307
1307
1308
1309
1310
1311
1312
1313
1313
1313
1315
1316
1317
1317
1318
1318
1319
1320
1320
1321
1322
1322
1322
1322
1323
1323
1325
1326
1326
1326
1328
1329
1329
1330
1332
1333
1334
1334
1334
1334
1334
1334
1335
1336
1336
1336
1336
1337
1337
1337
1337
1338
1339
1339
1339
1339
1339
1339
1340
1341
1341
1342
1342
1342
1342
1342
