7970992, 0.01311636976841633
8283682, 0.0065812569331493405
8306652, 0.011087818452351248
14368769, 0.009214880833444412
14513512, 0.015988603505016158
14803493, 0.017377974189854394
15111744, 0.017034068136272545
16248292, 0.005314752145091696
16624525, 0.005634517885126913
33616444, 0.010719791623811028
36636494, 0.017525938970481696
40701142, 0.005375935790301772
42196320, 0.009800175025831373
44450457, 0.00595322137698306
44650657, 0.010758181528732863
50426168, 0.012989406856688842
52067288, 0.019573899946339776
52357763, 0.00379005537096529
53059376, 0.004788943881088253
55509279, 0.011767000833622334
56643210, 0.01442885771543086
58017260, 0.01574406420072566
62397313, 0.010718851160062702
63512448, 0.008090179387854807
75997536, 0.01908291359394603
76379893, 0.008820996170270856
78593879, 0.013096663802941912
80573898, 0.009659370994140316
81871859, 0.004523590815787354
82477460, 0.022044088176352703
86266936, 0.028056112224448895
89221733, 0.005061300046071575
94607562, 0.012568073608393371
97232128, 0.012885303506911855
97999053, 0.008412264477391986
100201393, 0.028628685943315198
103591569, 0.01603206412825651
109035884, 0.017449738740021405
116179209, 0.007387155260096994
118970094, 0.01884093826508098
126768770, 0.005897641544680928
128628690, 0.002947305830678666
130857133, 0.0286286859433152
132686355, 0.011333931144705368
133266187, 0.007567559278384989
136982031, 0.012863793209602811
137140334, 0.013301367627642637
149170207, 0.012759853484338175
149215500, 0.009136776048686648
152014217, 0.014477854033376755
160590039, 0.018036072144288574
161113335, 0.016032064128256508
161858629, 0.015020631413891814
163041731, 0.018734136175565127
163850165, 0.014309178752808474
164979109, 0.016137953919705517
166566887, 0.023046092184368733
167050566, 0.0045708606912558845
167990892, 0.01694978522146252
179897514, 0.021567255500210387
182473366, 0.012034978969122593
191803770, 0.0115010207203886
198440182, 0.01023569249475086
200374750, 0.009457959986707738
204298620, 0.0034078556300741205
219594539, 0.01674956010382207
223621664, 0.026452905811623247
224597174, 0.021064510386080294
229980720, 0.016869549283059133
230702066, 0.028557114228456908
236134551, 0.0034162325407123178
238897491, 0.00771241412749781
242851900, 0.017920351247650183
243253280, 0.02338009352037408
243419888, 0.007257642646452187
243571016, 0.021544211465395244
243687497, 0.01427261844820982
243775933, 0.016630349563435357
244947603, 0.010781674703069606
245880979, 0.020726628355011725
246747627, 0.008186586541065688
246754124, 0.008918715548381018
246882277, 0.01851171687619853
247227134, 0.010612056365216381
247468980, 0.018036072144288574
247527359, 0.01660821646066176
247786110, 0.026910964786716285
247912552, 0.02141686690692075
248188034, 0.0134048370202019
248884898, 0.008973534805130181
249073389, 0.024589109329607492
249144163, 0.010496768506464305
249654545, 0.020541082164328657
250102231, 0.008099528455233401
250295048, 0.0275091448095132
250480066, 0.0078027049287271565
251009806, 0.007459869611821368
251100437, 0.012311707877662437
252254904, 0.014377578639171839
252957203, 0.011258511519353552
254665376, 0.02131593633836597
255587866, 0.02006997320301388
255860716, 0.013620436644788052
255935216, 0.012118073799685812
256442158, 0.011651426918561712
257651159, 0.015756773024180513
257841422, 0.0176485208196158
258090997, 0.011401784003365936
258699653, 0.008170320500213204
259617134, 0.01785351076178622
259649279, 0.004615164129895542
260096049, 0.009353225813181574
261730716, 0.022330375035785856
262457844, 0.01603206412825651
262819428, 0.017368069472277887
263813012, 0.01775700976184371
263891746, 0.031517269932840514
265596724, 0.005544088886438746
267714517, 0.009758952183984152
267906742, 0.011693498040909415
268545568, 0.02006568332828595
268832429, 0.0075268005291534166
269174281, 0.012024048096192383
269512392, 0.015405563752928403
271063299, 0.034468937875751504
274530882, 0.018926347891133566
274895833, 0.011306045976965712
275423516, 0.02691096478671629
275694766, 0.012897966254909576
280288703, 0.007584061133074518
280393461, 0.015075959904926321
281160360, 0.016888306233513967
281269490, 0.016322422046827455
282065689, 0.02645290581162324
289234977, 0.003650638825469552
290072000, 0.0036197923772975987
290178890, 0.012809717288757433
290226508, 0.009445156759985335
290632880, 0.018234351461537412
290722577, 0.013305296462309829
291169000, 0.007387869823596051
291908441, 0.01513523210173281
294418317, 0.005470393370265538
295836779, 0.017707345681410573
297419374, 0.01607096808418225
298512955, 0.007155795550761797
301120393, 0.014358857471948669
301243249, 0.008230564314794393
305587868, 0.012528207289696846
306260807, 0.024619104511598742
310906519, 0.01754600785966638
314926857, 0.00865254403860274
319901569, 0.008137598145512116
320734801, 0.00831037277357528
320954038, 0.021185227598053247
323870386, 0.026338391067849985
326074480, 0.0250501002004008
327722701, 0.020482306484249358
328206473, 0.010810304925864572
330557927, 0.013447263098435965
331237289, 0.026452905811623243
332756867, 0.018036072144288574
334057976, 0.024573387324652737
334099422, 0.010812689242983991
334670309, 0.01506651726154523
336030066, 0.013078178422018019
336851152, 0.009497685949596563
343126997, 0.004533157434405966
344550622, 0.012714013888929298
352400028, 0.012515740113618558
352489322, 0.006268261848021681
352683068, 0.003812326012019292
353767713, 0.014696058784235137
353926417, 0.004192324316436004
357088550, 0.011935934020986272
357239860, 0.018781553333171382
358040356, 0.022820710559063432
363246406, 0.009603983129216401
363845524, 0.013699011215847233
368142886, 0.0043831117405154375
369608964, 0.009801107127147891
370556715, 0.01108150219838842
375468504, 0.016391997888471215
375788728, 0.009231956794969524
377062312, 0.02632292818056838
377220633, 0.01539534151530944
378231256, 0.014135727816038265
379227005, 0.004199357978152797
384484673, 0.005513281247197707
385165870, 0.008810490593097107
385535951, 0.019083253024422715
387927222, 0.005986019300054951
392388189, 0.011866969823082017
394864353, 0.03406813627254508
398171803, 0.014428857715430858
399963628, 0.017851541508806214
404218794, 0.03829881986194611
410955818, 0.0018522802861099174
411346195, 0.007250480050409055
414187574, 0.01059332658736711
415414097, 0.021042084168336674
416440594, 0.021187645376813672
418443466, 0.014590483854499315
419233834, 0.007687669927450658
419765116, 0.034468937875751504
421110584, 0.012581611515034657
424194891, 0.014028056112224447
425687930, 0.014314057647770141
425912197, 0.011538308722176285
427024377, 0.008931654592648594
432424572, 0.013325721115226574
432618159, 0.008016032064128256
432844043, 0.012751986471474335
436462735, 0.013026052104208416
437292351, 0.0031775906100674598
438582009, 0.016032064128256508
446318129, 0.009471861299359952
450704412, 0.019675213865926015
455143024, 0.01817147988319249
458777194, 0.013249835067115051
460729951, 0.008011941193361637
464820783, 0.013431027039040148
466446202, 0.028628685943315198
469544027, 0.015639334907612826
476356296, 0.010136352291268918
482105140, 0.012821031610903555
483402680, 0.00666613812377993
483724549, 0.00511274735774747
485085414, 0.014886916690523904
487707785, 0.010584589282674008
490086192, 0.01923847695390781
491283324, 0.007311157682240997
501849447, 0.006683599104922684
501961323, 0.017056535258876928
518476056, 0.011252966956124245
524731213, 0.00704515450744442
526196228, 0.010610034739020443
526343521, 0.01259971946510536
549912548, 0.016833667334669334
552909996, 0.013777113920291281
563885375, 0.01816451738920226
567229050, 0.034736138944555774
567564394, 0.010807109412765616
573458208, 0.006027464766838904
575277349, 0.022596563892734612
578919588, 0.004529946668337012
581967281, 0.011837250137254281
586845018, 0.022044088176352703
590191382, 0.005480342464293135
592314798, 0.010688042752171008
597101298, 0.024885733543951006
605402003, 0.01763527054108216
608149239, 0.009456575331887897
608266275, 0.006556502815691207
608572360, 0.008554597062315494
612992455, 0.020841683366733466
615314107, 0.010849878721930915
616278725, 0.015078727112718512
622054128, 0.01943617166987091
624557599, 0.012101660294696767
624686972, 0.013631500118736005
625407310, 0.011356066231127275
634658827, 0.015194532877119004
635576995, 0.018239444286622362
700268907, 0.0035717303213123473
701054891, 0.026338391067849982
704769648, 0.008290934258543166
709327033, 0.008123654419970932
711038648, 0.00548186911604673
714962101, 0.005385886025838829
715219325, 0.010770416665858824
720002435, 0.010477620401637832
728704327, 0.01132637157095619
737493661, 0.009744928282658744
739030778, 0.00458508387867282
754335954, 0.020708082832331328
783313538, 0.020072288386084606
787211599, 0.011105093642561629
793643882, 0.015054228324049538
795081842, 0.006080961444998721
810987649, 0.023475522473518463
836508619, 0.015230460921843686
856930862, 0.008716899651440999
857868018, 0.020614486588868677
861210284, 0.006110985427473473
889171106, 0.006112503318772849
916943462, 0.008631732470769475
919558969, 0.02104208416833667
924299539, 0.004894069246311001
927351564, 0.01599028390476547
930331530, 0.021643286573146292
933132060, 0.018704074816299265
934906862, 0.009704667561472776
941413286, 0.01802827461409213
950322907, 0.012229765963931456
957224466, 0.02942209193529057
961361910, 0.02164328657314629
970982930, 0.004246340151719332
973884542, 0.007967530682254328
974476958, 0.015596619089701022
981385410, 0.0183778223897606
993276918, 0.01925641277952376
993931494, 0.018195672688997272
996705444, 0.01873395955087799
999015997, 0.02146654154027852
1000989876, 0.009243142954142646
1002650592, 0.017575123331126704
1002844374, 0.023564690366301124
1011040237, 0.02496986044231191
1018255609, 0.02748353850558259
1032166495, 0.01336005344021376
1050858158, 0.012801782088285788
1061600605, 0.010130941815902749
1063501603, 0.007340775864427167
1085435814, 0.014038041548027385
1092542761, 0.008853480026901285
1105943366, 0.010920035319717504
1106086345, 0.01621157333632859
1113619861, 0.0058444194018407
1133951125, 0.02324649298597194
1134792108, 0.009047399708369985
1136829066, 0.019421251895912494
1149393944, 0.025404313379577655
1157901540, 0.014022840500081882
1173187458, 0.01824119937115983
1183658534, 0.007575537972466581
1191248822, 0.018509778581708956
1194109814, 0.020040080160320637
1203080628, 0.021835948912445488
1212626137, 0.024048096192384766
1226994534, 0.006680535358753097
1251438439, 0.01280315856527858
1257203264, 0.018951964458279184
1269489475, 0.02538410153640614
1278543582, 0.015536796622360984
1280752188, 0.02104208416833667
1311797288, 0.018424802890796177
1318153052, 0.007913946002399929
1326981402, 0.014031815537334576
1340284172, 0.02245890872288838
1340443376, 0.013071024935863281
1355953423, 0.011396016180727513
1381199558, 0.010863971967542673
1385863352, 0.034736138944555774
1402376521, 0.018382729315911308
1419142478, 0.009239730596783225
1419314353, 0.019038076152304607
1426692180, 0.010129103837622406
1428355872, 0.015394064186494277
1438404972, 0.021459680518198607
1460798930, 0.014087963398376091
1470804174, 0.0038422317618934153
1506170269, 0.005071918490286784
1514809514, 0.024048096192384766
1529698447, 0.015234805501625436
1548491077, 0.0038558945525413793
1570421118, 0.023046092184368733
1573631304, 0.021376085504342016
1574912846, 0.005005195036469946
1584034387, 0.006971218491769507
1586756136, 0.006188866795283677
1591529323, 0.02004008016032064
1593480284, 0.028056112224448895
1611310730, 0.015726369330351618
1635306542, 0.019372077488309953
1641459038, 0.024109825760017287
1654242836, 0.020907776977700607
1657421766, 0.02175780131691955
1658511798, 0.012662610657724943
1661377213, 0.005610299685184016
1664756965, 0.00664287205284282
1666466142, 0.009590432696381462
1674182551, 0.007362954161562771
1684309638, 0.014185843468435141
1697458044, 0.020780382768706564
1697871608, 0.0038301837640115546
1704039354, 0.014755805577838416
1707859914, 0.009943944921390637
1720125462, 0.004504127823186182
1728380701, 0.01755241974405518
1729699520, 0.015558761910930963
1837931984, 0.00784120034107217
1843123872, 0.017671307086234024
1849797510, 0.009151931714771253
1871994199, 0.012939906849899933
1887896845, 0.007863510657707021
1900215307, 0.012170882487000998
1904138971, 0.01571511469368221
1913920926, 0.004916603440940649
1927514377, 0.020526442442272454
1935523375, 0.012873448498161823
1938878996, 0.022307914170459405
1968672823, 0.01763527054108216
2149630553, 0.004960266956984332
2154420058, 0.00850463473198495
2155529002, 0.02009131090831751
2156589938, 0.012808298239006081
2165403949, 0.00890216425049644
2165607934, 0.014057949154917693
2172260604, 0.009276363172714495
2176137460, 0.016715577653653755
2185059396, 0.021376085504342016
2191892464, 0.025651302605210417
2192614378, 0.004008016032064128
2198055650, 0.008168564404468373
2211328200, 0.0035191840989225545
2219659092, 0.00893271364676286
2223258386, 0.013947765082307478
2224962036, 0.011638796009438514
2243855627, 0.021643286573146292
2249591503, 0.007404279755720408
2258288874, 0.010451736140482955
2263209383, 0.018472742503715972
2277166103, 0.015129070628453027
2291448871, 0.008060052284873111
2292758505, 0.01859360939719195
2314172500, 0.008959671472089847
2316138426, 0.01768563249679999
2319472112, 0.009449958123847605
2327623608, 0.01558000507661193
2340138522, 0.01758159422479575
2342542776, 0.013169195533924991
2352970223, 0.010978387036144004
2355396143, 0.012570779252589193
2360175272, 0.005166271579130418
2363005662, 0.007299694657566492
2371981753, 0.0200214770069947
2399339752, 0.009513151710981464
2412528170, 0.028056112224448898
2414842548, 0.021861249732302426
2418784220, 0.00820358000491183
2426506130, 0.00649947702837996
2430324679, 0.007228404784655123
2433468680, 0.015465921594463562
2437605457, 0.02944159705394783
2446496337, 0.009034143637121454
2453890849, 0.016555564778312666
2468130040, 0.005686343609198499
2470783842, 0.013644865418606603
2475077852, 0.00806306057457928
2478566467, 0.008435128998306994
2484408874, 0.014314342971657599
2484697919, 0.0206643593960835
2485093470, 0.008805248065508767
2493490788, 0.00477849510671674
2503914708, 0.012083854496281483
2506738925, 0.020768474716920737
2536004080, 0.01503006012024048
2543403804, 0.0065469522205770896
2544099769, 0.012699458833053894
2555765855, 0.011572097879142184
2573151897, 0.005962352275115475
2580174954, 0.012315513635816825
2582582359, 0.020950711462717524
2587029252, 0.024048096192384766
2591216228, 0.00869354987488693
2592887184, 0.01496521126436153
2594563700, 0.009423382973773922
2605741696, 0.022738368632273756
2608918090, 0.012936849554291462
2622566769, 0.007087067119302352
2675776565, 0.02158928895640471
2699106120, 0.0043759001243847614
2731000026, 0.018920602642289747
2742009028, 0.02164328657314629
2757004405, 0.011290320294753608
2792349332, 0.005272852220711213
2793115700, 0.007216994985009961
2798670142, 0.011241586180819788
2802215540, 0.007066972706474534
2804397326, 0.005711574961559051
2820698229, 0.01767129193147407
2832605863, 0.02221273816269709
2841137133, 0.004791061865909361
2843702977, 0.010780746201602381
2861144914, 0.01261555333577231
2866272891, 0.004569888152998515
2879877703, 0.009960617993406388
2906797270, 0.010885302723171383
2909107988, 0.02006996489489937
2910159072, 0.005380444313443384
2912596930, 0.02004008016032064
2926325320, 0.030918980818780414
2940085139, 0.01843687374749499
2946131592, 0.016941389231481956
2948787802, 0.005876607656910987
2951658069, 0.022545090180360723
2952265706, 0.01336005344021376
2954089838, 0.011504028644009665
2955998474, 0.01843687374749499
2961168046, 0.00942573107280395
2961271367, 0.01178634581738935
2963523006, 0.018405268905098842
2971173940, 0.02066403069913947
2986577561, 0.004487967956270159
3001841688, 0.012024048096192383
3003603519, 0.01892055347747354
3018337576, 0.01480283704230456
3031444200, 0.01564687967733364
3035120220, 0.008122016405514866
3055703094, 0.02404809619238477
3056082865, 0.017465203373376516
3059821312, 0.015230460921843686
3119004789, 0.015386133389476761
3151831602, 0.011711668907249707
3154036550, 0.018605960806932168
3207461229, 0.004645449474374012
3225123970, 0.026074506980386485
3231024969, 0.02004008016032064
3237687960, 0.02865429163528982
3257060822, 0.014827672115450542
3260615157, 0.007081108539307564
3260993379, 0.010408892047600454
3269041302, 0.033066132264529056
3272597275, 0.008794666844308945
3290903817, 0.0019365535380418894
3291811287, 0.003377070891302838
3293436133, 0.014645233189548901
3295932755, 0.01036017066314912
3303310637, 0.017789188552218144
3317569037, 0.022044088176352703
3318544431, 0.015439371488226779
3323870657, 0.0250501002004008
3329476545, 0.008016032064128256
3349586973, 0.020568362190650107
3354184180, 0.014028056112224447
3364190599, 0.012825651302605209
3365795979, 0.008905021623784077
3378057095, 0.006712208236142936
3384417664, 0.008902862118007056
3385639619, 0.007805713982282715
3397313500, 0.024084967250869223
3401040687, 0.00475255619904058
3401597293, 0.00441985122475643
3402072700, 0.01603206412825651
3402981856, 0.005701999066295359
3413314515, 0.012212323396890792
3435893926, 0.01381650844151281
3629819656, 0.003438159675937724
3638277432, 0.024048096192384766
3666388997, 0.013740662250623493
3709280421, 0.010868848845029812
3795619754, 0.021376085504342016
3802891169, 0.012069022568540332
3816773441, 0.028857715430861724
3853065615, 0.022492687234987825
3870664763, 0.004810577066309831
3904142384, 0.006486415468833978
3927839296, 0.005797456301645619
3941902707, 0.006823977591303089
3972631527, 0.0015559957710724011
3978237134, 0.009448916883881199
3986975423, 0.003547963789044211
4015698976, 0.011670091142194392
4035726395, 0.010624184523649424
4047133943, 0.016071126594444506
4099696313, 0.005192371312726093
4136045187, 0.007069900803043748
4138466860, 0.003871826403591432
4180805981, 0.016616512089001508
4195542203, 0.016833667334669337
4218030455, 0.009085686745127775
4228635573, 0.006541336259686623
4229434217, 0.012279558590905675
4243671285, 0.016077300576628078
4250884757, 0.014196940889176371
4258462703, 0.01379307583937675
4269515135, 0.01808290041121656
4285870036, 0.0344689378757515
4332047417, 0.00812273572210597
4381153354, 0.016246569979103193
4424993302, 0.012818266748000566
4479261983, 0.0068626558546971824
4482904751, 0.020787442072995495
4486485741, 0.022444889779559114
4544956708, 0.013627254509018034
4568505153, 0.004855293115981539
4569952396, 0.012330583322579153
4579773377, 0.01201548074685364
4579950681, 0.0025573323623297273
4621926136, 0.0075854955579052665
4643082382, 0.011588432025797105
4729581921, 0.004353325832524215
4730976502, 0.002783594935126532
4784978140, 0.036162700269778546
4829464306, 0.005127203784111059
4835594842, 0.018036072144288574
4866510309, 0.01343782933247579
4890834491, 0.004180192777841297
4916307257, 0.015773275017440986
701513183677325316, 0.004189018599747565
703288311155134465, 0.01030579639018242
703597644820713472, 0.030561122244488974
703603151274971136, 0.013378445533557565
704709279631208448, 0.01240811136362745
706217324563578881, 0.012971530303475545
706955613838905345, 0.012065223361738703
710795964211195905, 0.004213908319350862
711303312604307456, 0.010593051608651658
711388231225446400, 0.004323793576044075
712015139101286400, 0.028724114896459582
712612878717743104, 0.019038076152304607
713103256742936576, 0.012020454216595632
714769841673134082, 0.01740826637386416
719277033503780865, 0.007641176226004158
719721270070353921, 0.019346181894229215
720409308832227329, 0.01927520208175957
720702821843222529, 0.022853094801719695
721267544250834945, 0.007378639885988823
721769702134038530, 0.015230460921843686
722433365517955072, 0.015230460921843684
722481611330203649, 0.008060546990593448
723059850767392768, 0.014696058784235133
723542802706096128, 0.00547018618416263
724359488543809536, 0.010547688888753565
724530619087245312, 0.012861500128108064
726196189524295680, 0.010625634486660466
726911179063451648, 0.023046092184368736
727065370998280192, 0.02104208416833667
727904477353783296, 0.01660177288964544
729034544242933760, 0.006524392258097883
730330516361236480, 0.019647837687298227
731448075105996800, 0.017441221053197425
732095099153358848, 0.012517587557126246
732290670854017025, 0.005394736651246718
733285152533647361, 0.008525237978771439
735560020310544389, 0.01476601047028335
736509061441703936, 0.011276466156147122
736968449008766980, 0.018956547072686798
738233330760581120, 0.013761985082686284
739618227098095616, 0.02324656259180191
740458446672285698, 0.007304979698344699
740694544522608641, 0.03034640709991411
741153195263692801, 0.01908284965445424
741384638229323776, 0.013308642037383666
742078695481970688, 0.010588360974646624
742307620606889984, 0.0219384223270607
742799027587174400, 0.008582130527099972
743132260870848512, 0.02271005072441398
744546109394124800, 0.018036072144288574
745218282584678400, 0.02107325195296228
749792327355473920, 0.01603206412825651
755088257923317761, 0.005240467049367438
757717328524083200, 0.006783883528777433
760805201951481856, 0.004819386594296045
761558944984756224, 0.011913199486721924
765789381793841152, 0.009572637874838315
770692900657197056, 0.006155774259258936
771784838781206528, 0.013421302819025285
773054843950927872, 0.008753350982341177
775016586780565504, 0.008016032064128256
777566219432038400, 0.008016032064128256
778881899716571136, 0.004182982473671646
779240326640836608, 0.0074795450890044555
783099007971262464, 0.011882304427126374
785456605504663552, 0.007964405146754767
787030926010249216, 0.014384743304389299
787728263649034240, 0.012722397984354036
790245445087981568, 0.0165789782173915
790999436872777728, 0.02140597613452617
791037133196787713, 0.00419857600779985
792426421146750976, 0.01136875046969704
792772638196264960, 0.010420841683366731
794260826798559233, 0.012231176023065771
794922212054749184, 0.01503006012024048
795557721177227264, 0.007576120377786488
795973119219499008, 0.013734842417260593
796818000527687681, 0.014420720798056967
797352935432867840, 0.03011213155379946
798592068679593984, 0.011554239890271979
799342685299638272, 0.02725450901803607
799430289554624514, 0.008794714614403419
799713172651261952, 0.02271209084836339
800285974030782464, 0.011318511911948576
800413017649266688, 0.01679212606376266
801169863469334529, 0.00702510982834033
801824521330315265, 0.018104313736289967
803328589353676801, 0.008065194946443147
803790087544770561, 0.016135598286549667
803912062518915073, 0.010428294432171047
804021283646304256, 0.009798781692407036
804387164591128576, 0.01603206412825651
804610631940898816, 0.008726384381835468
805075465291579392, 0.012917620581320802
805122193323683840, 0.011477922301630215
807468851277496320, 0.01460180850514137
807860907623804928, 0.0034279616816367663
809007545574625280, 0.009387114128199007
811165624634318849, 0.0121061041738509
812330176939966464, 0.012751358531250916
815626754765258753, 0.02276860536164834
818025535808962560, 0.01603206412825651
819246519983472652, 0.01829877975990577
819279278999240709, 0.017488868253901477
821313315309834240, 0.01930599407805806
822466670388199425, 0.010094476684086605
823605113516425217, 0.008484385065480285
824222248311455744, 0.006722366439415924
824912061423611904, 0.01002004008016032
825448004475826176, 0.02655310621242485
826347794659160064, 0.012875828856434205
826926409868333056, 0.010420841683366731
827158099505053696, 0.019401947850936158
827266046629339138, 0.009549379916622544
827643454071140354, 0.005284992335896648
827877724031184896, 0.0065758875749689855
830725698109263872, 0.017834261819314186
836883916216754177, 0.011477217014397002
837081771472715781, 0.012736288734369374
837684644837457920, 0.018622405890222946
838042200814546945, 0.013741603844942553
838671100867461122, 0.00701184587413582
839466290217648128, 0.01060191486156592
842004888603262977, 0.007793322292271868
843538544853471235, 0.00867580180375829
844546626299609088, 0.015309042805363686
846572563018993665, 0.005404743856416392
847360297660579840, 0.005701539507890257
847396460316340228, 0.005779434245182437
847963797054685184, 0.0022388428180015393
850417281494593537, 0.006499765720276992
852294322506649602, 0.008257597421115393
854432125893959680, 0.007273379640145514
854771347288883207, 0.0028317300158905634
855835451252498437, 0.0069865722732857455
856447379540783104, 0.010064900665380532
856884402063802368, 0.005245560437046865
859522521238040576, 0.005880984462259171
860509901046640644, 0.01763527054108216
861373346029678592, 0.006133587662013335
862702744330809350, 0.014428857715430858
863815101958283265, 0.01275589561989798
865215235187191809, 0.013627254509018034
865303055578914817, 0.02808600526714214
866027005208387584, 0.010214523157493278
866337813448589313, 0.006449435232917587
867536183571644418, 0.0036467613840470764
867922545407864833, 0.015641388398320234
868110137894088704, 0.025095569133742463
868121776257105921, 0.013151286980709028
868295152451891200, 0.013192789579658894
870997257688100868, 0.005149279512751468
871733193120108545, 0.005059640356683583
873558166067441665, 0.009397925269369396
873762303958814720, 0.021376085504342016
876565379140792321, 0.026452905811623247
876950740136329217, 0.006832905247700903
876980951078899713, 0.0270992938338871
877229398784696320, 0.003678767506847177
878585426990309377, 0.011166374439085771
879026248470712320, 0.02017404300641233
881544376803053569, 0.00668002672010688
882006111834050561, 0.015454444007758396
882696229418930176, 0.011607488632564663
882983595073306624, 0.005575862055958624
884411377309409280, 0.022712090848363394
884762354432475136, 0.02292117975159481
885270735014563840, 0.017834056372894137
885742228731285504, 0.012637498316311585
885989434365292545, 0.01434921144198471
887472753405825024, 0.016358030237654957
889023757871964160, 0.0036984522271632844
891609063137697792, 0.016470145312269688
891615821725827072, 0.01002004008016032
892182077751386113, 0.03106212424849699
893377523383508992, 0.0107831080773757
893850821590487040, 0.01699782734306642
894548629205254144, 0.024048096192384766
895322441098174467, 0.02104208416833667
895782680633253888, 0.009377238298224682
897128134310600705, 0.011022044088176352
897742743224627201, 0.01487892575217271
898675607743148032, 0.0075204084819736556
899998182435893248, 0.006703345822239132
900058096034361345, 0.012751880703925808
900514318265065475, 0.005635368560769107
901228934230147075, 0.012024048096192383
902323985102319616, 0.00387529795020402
902471475101175809, 0.015393984019839713
902881752762515456, 0.014793041635699408
903010726813601794, 0.006005479959497999
903241329316159488, 0.028092003703450982
903624281497722880, 0.0286286859433152
904702873673531392, 0.014047592699049651
905037939427692545, 0.008166160402021548
905270455313080320, 0.018963261936251637
907317486198149120, 0.008125827811188199
907721180538384384, 0.025651302605210417
911696735919116288, 0.006341947544970287
911718398442209280, 0.006464418774426048
913787422365888513, 0.024849699398797588
914232908528971776, 0.015364061456245822
915384226270375943, 0.01570409581487362
916553749438529536, 0.011651077301977494
917345666418073600, 0.018036072144288574
917483946165915650, 0.01603581566811663
918597513640374272, 0.025384101536406144
918649573291298816, 0.016833667334669337
919073882488926208, 0.013663248589437342
919293220542124032, 0.01085273351267987
921191492311486464, 0.015110671829674866
923766052366028800, 0.024048096192384766
924476212147343360, 0.004473757647323578
925090271116824577, 0.010578171064405478
925373976905420801, 0.011094229652667906
925687944412884992, 0.01923847695390781
925889904248344576, 0.01232992561492581
926533039810805760, 0.006422513128446491
926572840610091008, 0.010145535178586147
927036529922502657, 0.03406813627254509
927505189426417664, 0.009034066583801285
928025225769443329, 0.01185244349416291
928103143132590080, 0.009610833398290195
928310052930424837, 0.009363726209902962
928599515854262272, 0.01555353773820735
928992621573427200, 0.012541903304274526
929811697308717062, 0.01058044031037387
930125137269198850, 0.01603206412825651
931008157475835904, 0.01483279885195157
931121059818074112, 0.014696058784235137
931189794490679297, 0.012590019643622729
931216082735652864, 0.006425265274423844
933849234721341440, 0.01307172728549119
934228610772324352, 0.014151034343095337
934395557531082752, 0.010483378255809124
936223866912935936, 0.006122251538642259
936602697503043584, 0.0074416190753381715
937047285934026752, 0.022356449135479337
939980283532767233, 0.003289320956286969
940356163065040897, 0.009579915789156793
941396980865093632, 0.005343500124918347
941748940898291712, 0.02004008016032064
942394622797639680, 0.017954888691206143
943154426067542017, 0.006634329374660478
943405190279061504, 0.014762586291759673
943845289839951872, 0.010433387272767925
943952945745408000, 0.00871524833597048
944166950829264898, 0.01215552263100278
944666930073489408, 0.013290002082803882
944677444115673088, 0.006685817385712961
945764896888819712, 0.02645290581162324
945774593679220742, 0.020040080160320637
946011088952483842, 0.004926532235757153
946473700660047873, 0.011022044088176352
946583484382040065, 0.010367969307318814
947155722579693569, 0.012482261672850263
947486947563458560, 0.00966627997622599
947510147211022337, 0.0040628063480761065
947926097299206144, 0.02738810955243821
949076624414212109, 0.012731223537432158
949341325333336065, 0.0020927055798536406
949566209250521088, 0.016126339225813427
949763848357203971, 0.00919010939936824
950072836030451712, 0.007500453179045244
950838039718367233, 0.023046092184368736
952172276732039168, 0.007872063817391917
953796389590401024, 0.01504051771401555
954041968333672449, 0.012995629993202395
954292325903163392, 0.026488800961889318
955168578638155777, 0.019372077488309953
955186904714170371, 0.013028913437276447
955244977352855552, 0.00643679005188189
955498665891778568, 0.01274608327454372
955521618150920198, 0.01297652448175357
955828986038407169, 0.02207405566163118
956317748791070720, 0.013705156275792304
956515009231769601, 0.012576393617355854
956530362439684101, 0.007893280872999913
957207184282136578, 0.02271209084836339
957594310958026754, 0.004340429573521333
958008823284994048, 0.009063606143358806
958368530843529216, 0.016529921611948974
958638040494346240, 0.01297709441486279
958724840277540864, 0.0017423690975567716
959376481142149121, 0.007145734457314327
959517609468354560, 0.01163714061144827
960429091211145217, 0.014690271348005388
960566026525081601, 0.017755701289686707
960610035016617987, 0.015266378011310422
960943194761498624, 0.027610777109775102
961227143958147072, 0.014967860798816061
962341685027065856, 0.022044088176352703
962647623567110144, 0.029201259662181504
962708176054472704, 0.01555363698212828
962710365393080320, 0.005510729745870266
963325885821702144, 0.005502439339610613
963498029255938048, 0.009428110514416707
964085293455462402, 0.02309092812964497
964564521649131520, 0.013741769252791294
965000347914854400, 0.01609952759755181
965355950461898752, 0.008052168287157508
966362321927983106, 0.015424146777401865
966734376888389632, 0.013701819794198862
967047168560435205, 0.003004815567029329
967173540658237440, 0.010264253532802237
967314838799167489, 0.0035397844599929984
967817169143828490, 0.025384101536406144
968143264674205696, 0.017127124114666166
968736754206433280, 0.01366319028745483
968787409730265088, 0.01613190100853474
969199442007150592, 0.00506687694384134
969940374172119041, 0.0261283985930482
970362267073155073, 0.020091289861651394
971291298639613953, 0.02152256540654947
971469536724770817, 0.01578831189016696
972076498940252160, 0.012648453098288777
972510449806823428, 0.0049754072782441745
972523298700627969, 0.006665223665973805
972887127288623104, 0.013892391228244115
973135425660432386, 0.027388109552438207
973191894556606465, 0.0114231895907595
973267735374450688, 0.017689117775563822
973269184024104960, 0.0227719726656233
973274985593757697, 0.018559755985833464
973417924257091584, 0.014003125077246709
973542458637381632, 0.014862245059247766
973644650237124610, 0.0048151713680385485
973895605801160704, 0.012920506963207082
974207994694176769, 0.013420619979947708
974227406390210562, 0.01843998665737585
974386042718564352, 0.010931441653371591
974405745688170497, 0.01866422292047829
974661590850195456, 0.01843687374749499
974739644154867712, 0.027577517342918207
974952462405783552, 0.01760300269865419
975020035281444864, 0.007430339468525399
975105135411122178, 0.005404588426703662
975159819828125698, 0.008773878019505335
975296737098326017, 0.02274240095976535
975437930641674240, 0.011678308354268387
975721917729705987, 0.004350554312688392
976300774916575233, 0.0072905356352129524
976913351556165632, 0.014614502044552254
977657818613452801, 0.01733033731661518
977916662753226753, 0.00849742479024139
978018490803261442, 0.01581156090371231
978153064082309121, 0.004053724861658345
978223469321220096, 0.021463865205270386
978340608577277954, 0.005095461696926287
978402835476992000, 0.01702845228158086
